matricula;estado;lat;long
3307PNS;1;37.9328;3.80014;
8821DTE;0;37.8682;3.82675;
2688WXL;1;37.2058;3.46147;
3365CAQ;3;37.7873;3.11849;
5589JTN;3;37.6333;3.45608;
3033GDS;2;37.6442;3.42975;
5663QMP;0;37.9631;3.90505;
2802YPB;3;37.6162;3.25583;
1116AYC;3;37.3557;3.01864;
3531KBG;0;37.5764;3.81344;
8220KYR;1;37.6641;3.52258;
5286ZHC;3;37.9829;3.24942;
2135FIP;3;37.7729;3.26104;
6830JLE;2;37.1629;3.1309;
0788QVP;2;37.6795;3.76615;
3676PMY;0;37.4127;3.88751;
7110OYT;0;37.2758;3.19046;
4292NTD;0;37.7498;3.92141;
4353ZUV;0;37.3875;3.44098;
6437PTV;2;37.1015;3.40527;
8048KPZ;1;37.9169;3.30028;
6463BYP;0;37.8047;3.03735;
4877AQV;1;37.513;3.37575;
9316HZP;0;37.6394;3.32391;
0218ZIU;2;37.5955;3.68557;
3610CXA;1;37.2913;3.5418;
2035OGW;1;37.234;3.4502;
9700JNJ;2;37.0699;3.72242;
4027YUW;2;37.2963;3.79432;
1576AXF;0;37.4864;3.18674;
4774USN;1;37.0363;3.72798;
4598YHI;1;37.1469;3.65132;
0549DGW;2;37.3894;3.80589;
8645QOK;3;37.0397;3.31191;
4335AKO;2;37.134;3.6835;
2398WDB;0;37.6713;3.52358;
6080LQE;3;37.1166;3.45555;
8071DNF;3;37.0452;3.52143;
0539ELS;3;37.7342;3.21904;
2400QPF;1;37.3557;3.16065;
8595OAS;0;37.848;3.92019;
8574XFL;3;37.8685;3.55911;
9171NLT;0;37.5828;3.10279;
5736KTQ;1;37.5304;3.40751;
5054COG;1;37.705;3.54405;
8797JHT;2;37.9918;3.61361;
8703NTK;2;37.6773;3.06423;
2767XGY;3;37.2858;3.36145;
8097NWA;2;37.4873;3.0666;
4014HKJ;2;37.3491;3.47937;
4002QEI;2;37.591;3.46982;
4133BDI;3;37.7931;3.57922;
7750MKP;3;37.0488;3.36527;
1683ACV;2;37.6209;3.86435;
6641XRG;1;37.88;3.71741;
0097BBF;2;37.7228;3.54829;
9647ZLN;1;37.4031;3.40394;
2598RXK;3;37.121;3.29778;
5697TGI;1;37.4257;3.41163;
3457HTI;1;37.5801;3.01837;
4874IIZ;0;37.454;3.08668;
3905IVN;3;37.5073;3.51187;
8304FRP;3;37.9751;3.43827;
9397ZHV;0;37.6175;3.31695;
9771IRH;0;37.2682;3.86288;
8558LSN;2;37.8656;3.11374;
3554SAN;1;37.924;3.05668;
7334RFT;2;37.9598;3.22351;
7952HGM;3;37.2121;3.47168;
5770ZTC;2;37.7371;3.17869;
8953JEG;3;37.0689;3.21619;
5810GHO;3;37.2882;3.39199;
7974HQN;1;37.5611;3.7653;
1278LMH;0;37.1257;3.16695;
8611IGI;0;37.0611;3.15618;
6873KAF;1;37.1879;3.30004;
8007BKK;0;37.9462;3.49308;
7409JOD;2;37.7812;3.43788;
0348BIE;2;37.7373;3.887;
2703ZRD;3;37.2501;3.95165;
2534UYH;1;37.6611;3.70655;
9735HKJ;1;37.894;3.9328;
5198EQP;3;37.1997;3.61975;
6661GME;3;37.036;3.72466;
7673PGH;0;37.8076;3.09589;
6985VUY;1;37.9298;3.34223;
0018YWI;0;37.9963;3.32547;
2952YYK;1;37.1394;3.94574;
6024TDO;3;37.725;3.85237;
7458SNE;2;37.6847;3.25999;
5352TRC;2;37.5888;3.92019;
8660CKW;3;37.9596;3.80073;
5232DFN;3;37.6457;3.41061;
5120KPN;2;37.7647;3.39469;
3461WXR;2;37.0427;3.28633;
9192GWZ;3;37.1442;3.03201;
6990EZN;1;37.222;3.41048;
3432OND;3;37.734;3.2007;
0380JGQ;0;37.1943;3.66812;
6005EKI;1;37.6013;3.94638;
0183RWF;2;37.9365;3.2877;
3221ALY;2;37.3747;3.9885;
7727WOH;2;37.781;3.97445;
8898BQK;2;37.9991;3.02033;
9371TTK;1;37.8023;3.98238;
7711AUV;1;37.5314;3.22181;
5065YOL;0;37.6434;3.3891;
8055RUL;0;37.2628;3.90401;
2643VCF;0;37.7764;3.82441;
3609BTV;3;37.3109;3.20734;
5160NFL;2;37.3617;3.46038;
1137JKF;2;37.8703;3.14184;
8461DCM;3;37.1435;3.57376;
3299SCQ;3;37.1523;3.84718;
4737CKF;3;37.1648;3.85378;
5761SMD;0;37.2703;3.17239;
8647TTJ;1;37.4777;3.82513;
9265BQB;1;37.3938;3.99601;
5242BYO;3;37.8878;3.37723;
3590GET;1;37.8389;3.95709;
0528UBI;3;37.2158;3.22299;
4618IKE;0;37.1586;3.58854;
1340RQO;2;37.4057;3.22772;
3965HCH;1;37.2731;3.79135;
0011KLW;2;37.0077;3.93488;
4440SZD;2;37.2596;3.65535;
4720WJV;3;37.6092;3.86004;
3376NJO;1;37.5336;3.38567;
0785MYI;1;37.7653;3.34429;
1973NHR;0;37.8785;3.06932;
7656QKP;0;37.0543;3.3554;
8648HEM;1;37.5757;3.83036;
9588GCG;1;37.9217;3.35332;
1219ABB;2;37.7802;3.8363;
3077AGK;0;37.1673;3.94737;
0128FPA;1;37.918;3.7735;
0893BNV;0;37.2013;3.66249;
3810WVM;0;37.7616;3.20163;
7372OYN;0;37.6226;3.63231;
1412QQI;3;37.5021;3.68296;
2665FGI;3;37.0242;3.73093;
5332DZV;0;37.4336;3.61235;
8531VVC;3;37.7285;3.21099;
1839RGL;1;37.5824;3.02238;
3948CMF;3;37.3248;3.63903;
4279OTL;2;37.1072;3.59877;
7100YRZ;1;37.1375;3.21505;
6201SGL;1;37.9822;3.39214;
1729FGO;0;37.5778;3.61976;
3503HGH;2;37.8043;3.5203;
5628FGY;2;37.5221;3.4911;
0672VCI;1;37.5648;3.82422;
6278DGO;0;37.8011;3.89601;
6898QYI;3;37.1285;3.84203;
1180BNZ;1;37.5761;3.5461;
9396HPW;3;37.9833;3.09344;
8267OGT;3;37.9695;3.56014;
6096VMS;2;37.7533;3.19452;
5245CZW;1;37.0057;3.39244;
2218VAL;1;37.606;3.29;
3773SEZ;2;37.2566;3.59648;
1535AQY;0;37.7797;3.66421;
8319KSJ;3;37.1622;3.36754;
3320ASW;3;37.1516;3.27929;
8904ISC;0;37.9506;3.56299;
0123YOS;2;37.8331;3.90273;
2106NOM;2;37.676;3.32323;
8618CJT;2;37.0958;3.29091;
9274VBW;1;37.338;3.92213;
1213ASY;1;37.5956;3.73655;
7181JJQ;0;37.7917;3.43768;
0167BZV;1;37.3849;3.47899;
9240PRF;1;37.4875;3.47322;
1780UGT;3;37.9807;3.74759;
3531UGY;3;37.7553;3.98408;
6972AND;1;37.577;3.93228;
6877STT;1;37.6553;3.26999;
1565YZN;3;37.8756;3.82895;
8496ZHB;2;37.3178;3.09805;
6055TFI;0;37.9875;3.78872;
6624ZPV;0;37.6764;3.70661;
8409QBU;1;37.2955;3.74394;
1246LIU;3;37.5226;3.01618;
8621LHO;0;37.6391;3.73621;
4425RZY;3;37.793;3.83424;
1147GNV;2;37.297;3.03506;
6389QTG;2;37.2952;3.31339;
0445XBQ;0;37.1382;3.4304;
8723XMW;2;37.7896;3.47004;
0071BPS;2;37.1555;3.50255;
8673VWY;1;37.09;3.05178;
4588IXQ;0;37.2531;3.11214;
8045DIC;2;37.6935;3.31289;
8237FAQ;0;37.4201;3.91419;
3693SXT;0;37.8884;3.197;
8414DXC;1;37.6077;3.61767;
8713JML;1;37.8504;3.71871;
7757NFE;2;37.3818;3.71597;
7388YHN;0;37.8083;3.16612;
9922ILS;1;37.6513;3.29209;
3348MPQ;1;37.991;3.1592;
3232JJR;2;37.317;3.35737;
1415SNY;3;37.0385;3.17713;
8054OGU;0;37.6704;3.64899;
0423OZI;0;37.2807;3.74216;
4486VYL;1;37.5466;3.11977;
1987QNL;2;37.2518;3.06302;
1125GFW;2;37.2314;3.49999;
4724ZCS;1;37.0141;3.78229;
3734MHT;3;37.31;3.89578;
1383WCI;1;37.4408;3.69007;
9173XAB;3;37.489;3.32636;
1525BYW;2;37.9327;3.38557;
0438NNJ;0;37.8713;3.40622;
7796XGX;2;37.3837;3.5132;
7551IIJ;2;37.924;3.88596;
6381XIB;2;37.2307;3.34165;
2333UGF;1;37.82;3.5011;
3801TGV;1;37.0908;3.99332;
5956UQS;1;37.1171;3.86529;
1754NVY;2;37.5032;3.09544;
3605FEB;0;37.7376;3.92515;
8213ITO;2;37.2752;3.43872;
6622URZ;0;37.2027;3.72336;
6189FPN;2;37.7999;3.59933;
8429RHR;1;37.2894;3.06449;
6461SIS;1;37.4104;3.197;
3841FVG;0;37.8615;3.98004;
0603ZJC;0;37.7199;3.77408;
4990MVC;1;37.9968;3.44293;
9235OIA;2;37.8717;3.82401;
2542SLU;2;37.4222;3.7005;
2661HLL;3;37.6993;3.85599;
2725PMV;3;37.4669;3.79601;
9705MUZ;0;37.0615;3.62129;
3979UYG;1;37.0537;3.91941;
1044LDU;0;37.347;3.811;
1471JPH;2;37.2735;3.03404;
3073NCJ;2;37.8427;3.15123;
4190DCN;3;37.575;3.09328;
9686JTV;0;37.4142;3.08084;
7366CDG;0;37.7837;3.44505;
9299IQB;0;37.0999;3.7693;
8626WVP;1;37.2811;3.85391;
9115RTL;2;37.62;3.35459;
0929OVX;1;37.1668;3.40391;
6110BBM;0;37.228;3.94377;
2075SIY;3;37.2114;3.66148;
1876HNZ;0;37.2643;3.59459;
1814BCX;1;37.9186;3.08767;
7056NXS;0;37.0808;3.60877;
0999VLE;2;37.8229;3.94891;
0873GWX;0;37.1997;3.05071;
2047OSE;0;37.31;3.51369;
7087PXY;3;37.5471;3.35779;
9048GGW;1;37.9084;3.71217;
3170WZU;3;37.4242;3.9137;
3941ENJ;0;37.1431;3.59715;
8372QXC;2;37.2352;3.23636;
8827ECL;2;37.5186;3.04899;
0164ATN;1;37.6609;3.1735;
2972PFD;2;37.486;3.83315;
7111DPV;2;37.5262;3.55432;
1069PSQ;0;37.2329;3.39402;
0857YZU;0;37.1943;3.39744;
8431VKN;2;37.6338;3.54593;
5391IKE;3;37.8075;3.87463;
5102IBD;2;37.5983;3.61507;
1966PVO;2;37.5717;3.09172;
7376RMN;1;37.8178;3.54671;
3893KFK;0;37.195;3.04182;
8275JYK;1;37.6358;3.91422;
0927JVD;2;37.9936;3.68404;
8527GLG;1;37.5673;3.74315;
4143CJR;1;37.1864;3.59688;
9241QKM;1;37.7234;3.42226;
6598MKD;1;37.4242;3.13796;
4548HYV;2;37.0824;3.17627;
2528UWK;3;37.933;3.87702;
1421CUB;2;37.0571;3.18783;
0674SCJ;0;37.1144;3.91122;
4716ZYZ;0;37.1953;3.67905;
7831LHJ;0;37.7375;3.44818;
4274MBS;3;37.3843;3.63241;
6167UAZ;3;37.6384;3.86438;
2137IOC;1;37.3132;3.17713;
4103RID;0;37.433;3.31773;
9686FMM;1;37.4355;3.74979;
5358WBJ;2;37.5566;3.88112;
6938OHV;3;37.4465;3.10738;
0278MOY;0;37.1329;3.06359;
2147HGU;0;37.6859;3.65268;
6522JQH;2;37.7473;3.74435;
5824STJ;0;37.4917;3.23344;
9855NBR;0;37.7349;3.08586;
9261AGR;1;37.2447;3.81183;
9653SFI;3;37.8342;3.16075;
4401LLG;0;37.1858;3.33877;
6482RGE;3;37.6619;3.49758;
0616PNH;2;37.6894;3.18281;
0932EVP;1;37.1227;3.10747;
1519YXB;0;37.1022;3.06053;
1284YJG;0;37.8528;3.93593;
3928TAR;1;37.4789;3.45784;
0081XSC;2;37.7768;3.76549;
8878PHU;1;37.9116;3.75158;
4698ZQQ;2;37.3725;3.47024;
3764HIY;3;37.4202;3.78467;
6703LJO;3;37.7417;3.74906;
5224QJE;2;37.5923;3.96043;
0597RUJ;0;37.6064;3.38325;
5205PIS;1;37.3554;3.32443;
3006USD;1;37.6048;3.47756;
9930WOV;3;37.1875;3.69694;
9691DCH;2;37.6163;3.37021;
4797PCT;0;37.0548;3.5441;
0225OQN;3;37.1246;3.08395;
4783AVD;2;37.1516;3.72146;
9448TVS;2;37.8928;3.76529;
5317SEB;0;37.775;3.55517;
2662DFR;1;37.8521;3.01312;
0016MAX;3;37.7178;3.67497;
8142OEA;2;37.0026;3.89601;
9896QXF;2;37.4542;3.2748;
7068EEE;1;37.1147;3.81979;
1645MOG;0;37.0343;3.92516;
3875AHU;3;37.9734;3.56681;
9085UGV;0;37.6033;3.93868;
7093ENH;0;37.3933;3.21878;
6865ZQJ;1;37.737;3.09186;
3431PPF;2;37.571;3.27042;
9770AZJ;3;37.2117;3.06787;
9157XQD;0;37.5996;3.84328;
0725HNT;0;37.3837;3.9877;
7106SSZ;1;37.0954;3.82047;
2597OIZ;0;37.1692;3.10759;
2337EEE;3;37.46;3.57302;
2584BUS;2;37.3704;3.75186;
0912YNK;2;37.5174;3.35918;
1484TGQ;1;37.5755;3.55686;
8228PQC;1;37.4872;3.46271;
3394LRU;1;37.8847;3.10625;
6956RYH;0;37.6887;3.44413;
1055GSZ;0;37.7092;3.5387;
7976OOY;0;37.5685;3.3692;
7623IQT;3;37.9156;3.86676;
0338CZG;0;37.1042;3.2105;
0109BKN;3;37.0219;3.79138;
9103EPH;0;37.8319;3.83327;
1367DHI;3;37.6165;3.44847;
8350EOA;3;37.4691;3.74925;
1332AON;0;37.7622;3.21872;
1320MNF;1;37.5618;3.75889;
7574LBU;3;37.1186;3.52105;
5158HWG;2;37.1981;3.42134;
4568ZMU;2;37.0592;3.59369;
8887CBS;3;37.126;3.32198;
7323TFB;2;37.9894;3.70287;
8804AOL;0;37.8677;3.11871;
5353GVG;1;37.3643;3.86624;
9091JVT;2;37.7002;3.08472;
9539UTV;1;37.2453;3.74076;
3970LNS;1;37.3967;3.37352;
6827NBM;0;37.8365;3.89988;
5450SDS;3;37.727;3.23803;
7154EAC;0;37.905;3.08443;
4829DKC;2;37.8395;3.57721;
7282USN;0;37.1344;3.51583;
2918CNS;2;37.0883;3.33041;
6501WIF;1;37.2219;3.15026;
1339OQM;3;37.4463;3.18834;
1714ZNZ;1;37.625;3.74825;
6038PES;2;37.0009;3.32603;
7863TMF;1;37.1592;3.81784;
7669GTW;1;37.9342;3.02595;
9725DBF;2;37.6424;3.22627;
6022FFA;2;37.3826;3.43167;
8604VVO;2;37.4689;3.21806;
8680XZZ;0;37.6879;3.26411;
4686CWH;1;37.9381;3.50978;
5477BAG;3;37.6083;3.97547;
2032AEN;3;37.7618;3.32516;
5296YFM;3;37.9264;3.75301;
8755VEF;1;37.2042;3.70867;
4327ZFZ;0;37.086;3.59907;
7038ADO;2;37.2732;3.96546;
0507MFR;1;37.9032;3.99754;
5770UAD;0;37.4784;3.23089;
3039BVM;1;37.7024;3.95241;
1641HSG;1;37.9874;3.49557;
3721DKT;0;37.9024;3.16864;
8691XIL;1;37.4083;3.87341;
3069QAI;0;37.1685;3.85488;
7691LHS;1;37.2983;3.74844;
5504XLK;0;37.7139;3.32206;
4683VSX;1;37.9307;3.89541;
9669PIQ;1;37.6741;3.09125;
4274NOO;3;37.5153;3.1405;
1839BQH;0;37.8493;3.20582;
8175KZH;0;37.0661;3.89979;
2241ZVP;3;37.1986;3.21085;
0095VVL;0;37.0885;3.67878;
5015ZVK;2;37.7896;3.95024;
4258JSI;2;37.8849;3.56624;
3934CGF;1;37.5511;3.06328;
5598WEL;0;37.5368;3.01988;
7252AES;0;37.9757;3.90044;
5768GKG;1;37.1771;3.70386;
8289QYD;0;37.6543;3.81556;
9275MGP;0;37.6778;3.48169;
1217GZV;1;37.5318;3.49804;
1531JTE;2;37.293;3.08129;
6133YNN;1;37.2549;3.98513;
9641HSG;2;37.579;3.9574;
6799SQV;2;37.1068;3.06299;
1294OHZ;1;37.0352;3.49119;
5681PXQ;2;37.9818;3.71692;
9048HDS;2;37.116;3.36698;
7136XTO;3;37.9426;3.64848;
3414ALH;0;37.7651;3.17834;
3830DWF;3;37.7875;3.04182;
4070IRT;2;37.4426;3.6393;
9591PZS;1;37.0009;3.78209;
4817IGX;3;37.2111;3.35197;
2801CLM;2;37.4644;3.9945;
8767ADK;2;37.9326;3.91422;
5006LUF;3;37.3528;3.87219;
3214FQB;0;37.8749;3.70005;
4870SHO;0;37.5018;3.81909;
6896TQO;2;37.7155;3.56243;
7180FUS;2;37.0568;3.8354;
2432BHH;3;37.8385;3.90588;
3134NAF;2;37.3727;3.93581;
6157SCN;2;37.5936;3.98887;
1974BUV;2;37.8452;3.31104;
9783JRD;0;37.8815;3.98033;
5610VRZ;0;37.2067;3.86626;
9506RLF;2;37.562;3.52189;
4152SZU;0;37.6777;3.56686;
0873LQX;2;37.0795;3.93581;
7908CBR;1;37.4377;3.319;
9777OBU;0;37.0505;3.70043;
7507NLP;0;37.0991;3.32744;
5617WNC;0;37.816;3.97968;
7626TUQ;1;37.6274;3.72192;
2232HQL;2;37.7122;3.11953;
4118WXP;0;37.592;3.03402;
3147JJU;3;37.1459;3.78742;
5420XPM;0;37.7783;3.9625;
9212EHP;0;37.5603;3.89991;
2468ZJH;3;37.599;3.61025;
0052CAS;0;37.5721;3.60112;
4885SPY;3;37.6926;3.04529;
8914RGY;2;37.261;3.36478;
5630YVJ;2;37.0057;3.45789;
2561GQA;2;37.4606;3.4482;
7088CVC;0;37.4561;3.76837;
7682KDB;1;37.9385;3.96844;
1057JLD;1;37.3791;3.62496;
4614AXZ;1;37.5997;3.77702;
3102YGP;3;37.8801;3.84854;
6701HVH;2;37.413;3.53739;
5416IFG;3;37.9518;3.99086;
5495IVK;1;37.0047;3.16028;
9992KQV;3;37.5537;3.36334;
8889BXC;1;37.8816;3.00324;
9630PPK;1;37.6368;3.81335;
1303BKN;1;37.2734;3.04011;
5855PIS;3;37.3563;3.17773;
4479UEC;0;37.1814;3.52564;
3503SXC;0;37.2123;3.81203;
8523ZPP;1;37.5488;3.03253;
8585CLO;3;37.3926;3.97767;
3353EKV;2;37.5383;3.10873;
0454YAD;3;37.0635;3.75672;
4632ZFZ;1;37.5685;3.09248;
9045NMN;2;37.2057;3.47889;
4131WXL;3;37.5255;3.25591;
3726ZYY;3;37.5924;3.106;
4540EUQ;3;37.6464;3.8781;
0293XTZ;0;37.8902;3.85254;
1013YAL;0;37.382;3.58452;
9145DGP;2;37.289;3.82134;
5386CMX;3;37.2295;3.59297;
1922DAR;0;37.2446;3.0935;
3689JXD;1;37.8054;3.68586;
7915FMV;3;37.0519;3.06736;
7191ZKB;0;37.1285;3.19452;
9669SEE;3;37.5165;3.31172;
6059LGZ;1;37.4159;3.11176;
9428NBX;1;37.6887;3.7176;
9168QQW;2;37.9897;3.63078;
0077BME;1;37.7448;3.62146;
2266LVV;0;37.8732;3.13476;
8466CSZ;2;37.6293;3.85832;
3590HIO;3;37.0601;3.20747;
6762ZXG;3;37.1203;3.82439;
2161EKH;1;37.3406;3.31039;
2301LTJ;0;37.2502;3.17116;
6842XAA;1;37.3608;3.50081;
3172ALU;2;37.1484;3.86712;
8400NEN;0;37.6361;3.82673;
7084WFU;0;37.8822;3.06111;
4923XHA;2;37.3901;3.66071;
3185WTV;1;37.7436;3.61274;
7777FYS;1;37.1463;3.51894;
6458TRF;3;37.1358;3.32451;
1001DWQ;3;37.6023;3.93845;
2050BCE;3;37.8817;3.01733;
5193ZCK;3;37.432;3.01681;
7117JMD;1;37.7994;3.29153;
9656CFI;2;37.6163;3.45678;
6205XOW;1;37.5057;3.69459;
2253KSB;3;37.0608;3.13153;
0376KPJ;0;37.8353;3.60103;
6718DMK;1;37.1677;3.4969;
7104QUX;2;37.4666;3.6059;
3842SIN;1;37.5018;3.85905;
6198LYS;0;37.7912;3.19968;
3295ZGL;0;37.9809;3.37389;
5359HDU;2;37.3374;3.10509;
0029CXA;3;37.7229;3.20165;
7566UTG;0;37.9288;3.11539;
7674RWT;1;37.9938;3.21657;
4416AAY;2;37.4059;3.20626;
9885EVO;1;37.5686;3.11098;
5095CDH;1;37.2947;3.03218;
6507FYV;1;37.696;3.38618;
1429VDU;0;37.6909;3.48865;
7737QNG;0;37.0865;3.20951;
0210ENV;3;37.5552;3.39058;
6538VTX;1;37.6629;3.33123;
5078XLQ;3;37.3952;3.0852;
2515IRA;3;37.3048;3.28909;
4260LLR;2;37.3192;3.12026;
0009COI;0;37.7393;3.817;
1932PPB;1;37.1976;3.50253;
8385TBQ;0;37.7028;3.52866;
2352IYO;3;37.5313;3.33607;
3118ZAK;2;37.7714;3.34727;
8656JWN;2;37.4828;3.37709;
9667TWR;3;37.6805;3.94549;
7091XCH;3;37.5878;3.87156;
1127RRJ;0;37.3134;3.13469;
6982KFR;1;37.8603;3.51698;
0411NGU;1;37.8851;3.27058;
4428PXW;1;37.2393;3.01516;
3343IUN;1;37.6659;3.1581;
3646DYA;3;37.502;3.05233;
8562UFH;2;37.3638;3.33365;
5762JIO;0;37.3116;3.29141;
4400NHG;3;37.5838;3.45542;
3759SNC;3;37.5184;3.52556;
6802MVY;1;37.6973;3.42926;
9319CSA;0;37.4736;3.90521;
0955KLU;0;37.5785;3.26656;
3676OID;2;37.4897;3.27528;
5429VQV;3;37.1502;3.07398;
1306WCN;2;37.8014;3.01442;
7624WSA;2;37.3953;3.00706;
3657HMG;3;37.9448;3.73534;
2765TYH;0;37.3839;3.52087;
3375DJG;0;37.6609;3.55766;
7095YDX;0;37.69;3.66317;
1287ZXP;3;37.5953;3.4514;
3580CXE;0;37.6648;3.36747;
5505KYU;1;37.7806;3.40907;
9349KAV;1;37.0799;3.39849;
2232NWV;3;37.1721;3.10657;
8640VKG;1;37.1415;3.1208;
7073KNV;3;37.9133;3.70297;
3217QKB;2;37.7223;3.02846;
7511WKZ;0;37.7686;3.98479;
3892WTG;3;37.381;3.75875;
0173SHH;3;37.5399;3.48204;
9812BXF;0;37.7512;3.07199;
7376HFZ;1;37.148;3.9242;
4601TLK;2;37.0242;3.69388;
8580IWN;1;37.403;3.48716;
5744BOL;0;37.6663;3.35152;
5726WEH;1;37.7295;3.93058;
5315PPD;2;37.6879;3.97386;
6370IDQ;1;37.4972;3.55639;
1734JOS;0;37.8742;3.49248;
9890TOF;3;37.2866;3.93111;
3172TXF;0;37.9458;3.25644;
4889QJR;0;37.1401;3.73976;
8868ZUA;0;37.4964;3.9899;
8205YIE;2;37.052;3.63032;
5605HQC;1;37.1165;3.77015;
9776XOO;3;37.9228;3.97906;
1113UDT;0;37.4181;3.22859;
6857ZBR;3;37.0146;3.58935;
6596PCM;1;37.3171;3.78908;
2223KUX;3;37.1655;3.16799;
3530YSL;1;37.3899;3.9497;
5074CCS;3;37.9355;3.4306;
4847OEX;3;37.5065;3.7743;
1174LRH;1;37.7836;3.94282;
8295KOI;1;37.4735;3.15093;
3529KYW;0;37.9736;3.96469;
0717ZSQ;0;37.5429;3.688;
5265PHL;3;37.6467;3.16014;
1116AMA;0;37.8574;3.90795;
4675DAG;3;37.0435;3.89323;
5252VFB;2;37.2291;3.82698;
8482WYQ;2;37.3483;3.01759;
4961PVS;1;37.1036;3.35538;
0116FZP;0;37.0685;3.58012;
1499OLO;0;37.2809;3.29709;
0068SDF;0;37.369;3.71948;
5308HQP;2;37.0566;3.05314;
5617JBU;1;37.8474;3.13699;
6355JDI;2;37.6295;3.10645;
3483URN;2;37.1266;3.11868;
3044TPB;2;37.0524;3.04877;
0135ISM;3;37.0603;3.71165;
6516UYH;0;37.2815;3.22371;
2508XCP;0;37.4491;3.78972;
8403AWH;2;37.8538;3.53567;
8969JKP;0;37.4293;3.18425;
4445OVB;2;37.2783;3.20783;
4336QNX;1;37.0818;3.6093;
8826JVR;1;37.5448;3.3008;
6661DOY;2;37.0742;3.80525;
5391JQE;0;37.7053;3.16437;
1683QGG;1;37.7505;3.68538;
1137MGJ;1;37.8438;3.88469;
9010HWY;0;37.4203;3.72887;
4445NOZ;1;37.6496;3.77359;
8331QGX;3;37.5757;3.35674;
7658KMT;3;37.9513;3.97982;
5921KRL;3;37.4219;3.3555;
1246RYQ;1;37.5586;3.34814;
5390EAX;1;37.3041;3.18764;
7641FCU;2;37.5592;3.6531;
0434RYL;3;37.2938;3.57525;
3744FAK;2;37.7309;3.07022;
8812DIX;3;37.8599;3.17517;
4937TML;0;37.4241;3.57911;
7064DHM;3;37.2983;3.40335;
7848ISZ;3;37.3522;3.56368;
8371GEZ;2;37.4632;3.08036;
5253MUG;3;37.6765;3.90266;
9205NRZ;0;37.846;3.43293;
2241HVF;2;37.9838;3.1358;
7232PFO;1;37.4695;3.4306;
0520DLR;2;37.1156;3.53259;
3320SWF;1;37.637;3.77937;
4907FBM;1;37.1022;3.06224;
7601PVE;2;37.3084;3.90931;
6141FML;2;37.6759;3.24;
0712KKX;3;37.5401;3.92135;
0142YDI;2;37.2146;3.13659;
3839DLR;0;37.7471;3.96222;
4445EQV;0;37.5254;3.9785;
6942WEU;0;37.5684;3.42499;
0703UYI;3;37.4481;3.24066;
6800HWQ;1;37.4507;3.1206;
8613XNV;1;37.0771;3.96685;
7359JUR;3;37.5223;3.31567;
7969ZOQ;0;37.1471;3.97636;
8779UYH;0;37.8349;3.5806;
4241JZP;1;37.0053;3.89297;
5403LAF;3;37.1639;3.97514;
8845LAX;0;37.4298;3.54108;
5009MNM;1;37.1813;3.4114;
8549TMB;0;37.4865;3.20963;
3737OWL;1;37.1477;3.876;
3403BIT;1;37.5794;3.14533;
5050LGE;2;37.2024;3.27703;
3536WZR;0;37.0128;3.54303;
2844WZT;1;37.0118;3.06322;
2157ZDX;3;37.9644;3.83644;
9132TQN;2;37.9697;3.14877;
0256YLR;3;37.6076;3.90408;
0456WOV;1;37.609;3.34468;
5531NLN;2;37.7887;3.55856;
7614OBD;2;37.1078;3.49844;
5930LJV;2;37.8123;3.87234;
5400FFZ;0;37.4821;3.35205;
7070CJO;3;37.6291;3.96561;
6902NWN;0;37.5869;3.73747;
5755SMA;1;37.926;3.94772;
2809FXX;1;37.1716;3.25343;
0572BNM;0;37.4389;3.23969;
7504SOE;1;37.6104;3.77732;
9469QLW;3;37.7618;3.75454;
3881EDS;1;37.3994;3.53599;
6488YFB;3;37.1284;3.65044;
6174CBP;3;37.2624;3.82935;
4874BSJ;1;37.0769;3.39316;
4135LLA;0;37.2423;3.57228;
1911PHK;1;37.197;3.24009;
4274WAI;3;37.9724;3.80939;
0725WHM;0;37.2801;3.95899;
8921CLP;3;37.5316;3.38946;
6165NOT;3;37.5283;3.94568;
2654PQZ;1;37.8767;3.19253;
4178UVQ;1;37.6471;3.4515;
5433XWR;0;37.7644;3.14471;
2330FUU;3;37.8587;3.95508;
8457LWT;1;37.7512;3.03986;
5801XJV;1;37.1157;3.28244;
6000QOI;2;37.8082;3.10937;
9316BAS;2;37.5011;3.41037;
5487TWV;1;37.9823;3.53454;
4994JEC;2;37.0903;3.79648;
2775IEN;2;37.1671;3.42637;
2793LMZ;0;37.6135;3.23701;
3174ERA;2;37.0544;3.8984;
0747XMT;2;37.9637;3.44304;
1500YFM;3;37.1529;3.32455;
3651VJM;1;37.2022;3.17858;
6223RFH;0;37.6481;3.8478;
1721FWH;1;37.1088;3.84374;
1119AQE;2;37.5732;3.32631;
9484ZVZ;0;37.613;3.46947;
7289OFB;1;37.0962;3.66425;
9832FHI;2;37.949;3.55408;
0189DDK;3;37.4364;3.91689;
8447ZYI;1;37.7208;3.90258;
8741LFT;2;37.2491;3.06573;
2822RED;3;37.4498;3.45367;
1536MKC;3;37.4678;3.48456;
8614BGO;2;37.5478;3.64978;
9452YAS;3;37.142;3.13832;
8763FBN;0;37.5859;3.19494;
8691TAL;3;37.6779;3.01259;
6602YNY;0;37.2245;3.06164;
9026JLN;3;37.3177;3.40142;
2133MSF;0;37.3913;3.97365;
4296QPT;2;37.3327;3.39767;
9381TEK;0;37.7908;3.31626;
9793OCR;3;37.3282;3.94435;
8099WBE;0;37.7062;3.07696;
2862NRY;2;37.0744;3.44239;
0981WCB;2;37.5056;3.1021;
1612JUX;1;37.1807;3.60838;
8896ISX;1;37.6119;3.31772;
0831ERD;1;37.3817;3.22123;
9410OIG;1;37.8026;3.60846;
6427MRF;1;37.5326;3.68871;
9662PKX;3;37.4947;3.90644;
6718TOC;0;37.1512;3.75201;
4589QWW;2;37.7952;3.59327;
0366XCR;0;37.1153;3.38701;
7701RRR;0;37.8098;3.28636;
0609VSJ;3;37.0512;3.51877;
5801VLD;2;37.5085;3.66142;
7709OTQ;1;37.9236;3.69082;
6886FBS;2;37.5849;3.41714;
6596IUK;0;37.3597;3.58253;
0172MWM;3;37.9334;3.62383;
3771DCY;0;37.9453;3.36637;
5574BJD;1;37.1146;3.54008;
9079KPH;0;37.1822;3.05735;
6565ORC;2;37.3996;3.83406;
8005DBT;0;37.5299;3.50901;
5604DXQ;0;37.237;3.28712;
1947ZSC;1;37.0927;3.78705;
6166XVD;0;37.5431;3.54407;
2135ZOS;1;37.8668;3.78954;
2616HOY;3;37.4225;3.08384;
9776VSR;0;37.0963;3.75893;
5480PXQ;3;37.6728;3.32885;
3916BWC;1;37.7138;3.85981;
5364FNA;1;37.2721;3.20657;
8666GUR;3;37.9391;3.42075;
4218QGC;2;37.8487;3.0581;
5743BDW;1;37.3891;3.56613;
7883SXL;2;37.9262;3.52211;
0052UME;1;37.989;3.65658;
7231HKJ;2;37.8488;3.86564;
8066QEF;1;37.5788;3.28791;
0506LOE;1;37.386;3.5259;
8541CWE;1;37.9368;3.04747;
3049YGR;2;37.1909;3.40788;
1013UKS;2;37.8763;3.08219;
4189DJX;3;37.5291;3.40851;
8552KRW;0;37.177;3.11747;
6947OIX;2;37.0176;3.77505;
2022ZRD;2;37.685;3.30968;
9096TMK;3;37.6241;3.21021;
3207XJV;2;37.0363;3.22268;
2786CDD;3;37.7726;3.40268;
7309SBZ;0;37.3259;3.96081;
1872FAP;3;37.4998;3.8731;
6224HSQ;2;37.5202;3.49128;
2912WPD;3;37.4361;3.43667;
0919LVR;2;37.583;3.25883;
4838RSS;3;37.8014;3.06781;
9352BBQ;2;37.5278;3.47922;
9203FZM;0;37.781;3.6275;
3048OFT;3;37.8771;3.08544;
1196SCJ;2;37.506;3.38261;
1534YED;2;37.3777;3.33085;
2539TJM;0;37.9806;3.73116;
6947FMP;2;37.5232;3.65308;
7472QDC;1;37.7835;3.27888;
0855RVJ;0;37.1956;3.97938;
7073JIQ;1;37.3724;3.93077;
4601ZOH;1;37.0032;3.94686;
2857OZK;1;37.8318;3.82847;
0867TDQ;3;37.3957;3.16572;
2792EQL;3;37.0738;3.64042;
6414VBP;2;37.162;3.81438;
0108QHZ;2;37.7166;3.99521;
3333LNH;0;37.7993;3.32367;
3195DDM;0;37.687;3.29997;
4144LOO;0;37.0961;3.79135;
0243NHR;1;37.8604;3.83078;
4736KJL;1;37.1919;3.15149;
0836EAA;2;37.2047;3.31884;
5949GHD;1;37.5648;3.26269;
1725LXI;2;37.019;3.00658;
8413WSJ;2;37.0402;3.50542;
4840HJZ;2;37.9758;3.84009;
5218ZUD;3;37.0903;3.81675;
2234XHG;0;37.7061;3.16555;
9326PMP;1;37.7464;3.12663;
9692CWA;3;37.9696;3.90592;
4269SDA;2;37.2178;3.03461;
2077SWL;3;37.5009;3.88304;
3072QJD;0;37.5863;3.44702;
6244RKZ;1;37.8683;3.29738;
1598ATC;3;37.2793;3.58849;
4642QTN;3;37.4316;3.67901;
6822WYH;0;37.3322;3.5691;
2441WUB;1;37.4966;3.51728;
9603GEM;1;37.5378;3.20021;
9462EAC;1;37.5866;3.03686;
3987MIW;3;37.0477;3.49931;
7079SLO;2;37.8267;3.34366;
6642KAP;2;37.7179;3.88324;
4302UFG;2;37.5076;3.53548;
0607VKL;3;37.9769;3.4747;
1727QJC;1;37.039;3.86947;
8931FHS;0;37.3838;3.66047;
8680TUH;2;37.2282;3.78249;
4999GVK;0;37.4745;3.3357;
0395KAX;2;37.0088;3.76865;
0479TOH;0;37.7745;3.76241;
8937WEF;2;37.0344;3.52142;
4385EQL;1;37.0117;3.9495;
4563WTK;1;37.7081;3.12079;
3709JBT;2;37.5668;3.34118;
5386KDU;0;37.6787;3.3869;
2120EWY;2;37.3397;3.76581;
1454JEB;2;37.4394;3.49231;
0108VWN;2;37.3861;3.64317;
1473DLD;1;37.3542;3.39117;
8765BKZ;2;37.7279;3.44916;
9651LIZ;0;37.0588;3.49958;
0187OBR;1;37.9901;3.53647;
1720UUG;2;37.073;3.82207;
7972SEL;2;37.6063;3.23428;
0330GHO;3;37.5847;3.49988;
8233SQJ;2;37.1036;3.52228;
5732ETS;3;37.4648;3.90547;
4337OKD;0;37.101;3.94256;
6820RTI;2;37.4036;3.09665;
7450YBG;0;37.3817;3.0243;
7530MJA;1;37.5762;3.61357;
3766DFP;3;37.1033;3.52881;
3279FRI;3;37.5861;3.35051;
0163PGK;0;37.8119;3.52715;
8194PQX;0;37.4761;3.4632;
7926WDX;3;37.3439;3.11547;
8924YWM;3;37.4026;3.86725;
8667IXO;1;37.2285;3.30709;
9913ZIN;0;37.9004;3.93254;
0902FDI;1;37.929;3.57103;
4060CYJ;0;37.5178;3.4287;
0021CFD;3;37.5808;3.52511;
8239SAC;3;37.1413;3.54578;
5264KWO;1;37.5937;3.04267;
5467YQT;3;37.8013;3.47051;
8611FZW;1;37.7219;3.87622;
9227UAU;2;37.7477;3.50441;
8675SLN;3;37.3343;3.85399;
4637IGS;2;37.8079;3.79313;
2454PVO;1;37.8559;3.58905;
8207JGW;2;37.7931;3.85852;
3796WJC;0;37.5836;3.67547;
3570DDJ;1;37.5793;3.64161;
4814XOY;1;37.3787;3.16789;
0221CWQ;1;37.7444;3.17587;
6646PZT;0;37.4357;3.86741;
9460PTO;1;37.6183;3.05015;
9353ENE;2;37.6657;3.69935;
5539NKY;2;37.3199;3.31905;
5283HDH;3;37.8852;3.46144;
0417HBX;1;37.0914;3.36134;
8222DFQ;1;37.9618;3.88743;
3121UTP;3;37.0418;3.30849;
1724ARZ;1;37.1251;3.03807;
9321VFT;2;37.0833;3.32822;
1953RKY;0;37.1858;3.209;
6788NGR;1;37.2808;3.53311;
5720MLB;3;37.8751;3.53051;
0555WKP;1;37.4128;3.45834;
2240IHY;0;37.5712;3.32096;
2014KSC;3;37.4637;3.55614;
3349TRF;0;37.8505;3.83952;
5209QTP;0;37.9627;3.36229;
5318MRQ;0;37.8878;3.06502;
3898BWF;1;37.0385;3.44752;
7079AJK;3;37.6146;3.29961;
2894RPH;1;37.3873;3.32249;
7857OYB;1;37.7187;3.38989;
4431IFS;0;37.129;3.78812;
6867WBU;2;37.345;3.45722;
8433RSQ;1;37.3325;3.2988;
7020PAN;2;37.132;3.29952;
6622BOO;3;37.2067;3.35648;
6310EHU;0;37.9152;3.8623;
6970QHQ;1;37.4572;3.75199;
3597ZMX;3;37.6358;3.03378;
2614GPP;0;37.6526;3.02221;
8625AQM;2;37.7988;3.95723;
0921UUE;3;37.7607;3.27146;
9020EDM;1;37.7099;3.27802;
0962BMF;1;37.9804;3.75425;
1645AIF;0;37.1266;3.07829;
2376PTT;1;37.9135;3.1912;
5223SXZ;3;37.1769;3.84644;
8642RQA;3;37.6315;3.21642;
8417IKW;2;37.5852;3.08233;
1163HIZ;0;37.0414;3.84282;
6460DJS;1;37.2748;3.43715;
9002XSR;3;37.1015;3.13164;
5381DHG;0;37.3222;3.11724;
0248GFV;0;37.6481;3.85484;
6646BYU;0;37.0422;3.2253;
9369UVH;0;37.0592;3.033;
0975DLC;1;37.1896;3.05055;
3727HLH;3;37.6202;3.63296;
8867HWK;0;37.9102;3.12226;
1190OJD;1;37.289;3.94236;
2116CEF;0;37.1758;3.95896;
7283PAN;0;37.5194;3.45599;
4023YWC;2;37.7378;3.59869;
8430SMA;0;37.353;3.68086;
4773CAF;1;37.6656;3.09028;
8610GEM;2;37.7909;3.60209;
7800CWU;1;37.836;3.02986;
3330MJB;1;37.5173;3.04464;
2726ZYY;1;37.7188;3.42515;
7787QRU;0;37.2885;3.90697;
1336KJY;1;37.1149;3.74195;
2706NHE;3;37.6503;3.55116;
7247JKC;1;37.3438;3.07219;
2425QUD;2;37.6354;3.44977;
1123GLI;2;37.6883;3.11525;
9314HEG;3;37.9608;3.75266;
6850XAS;2;37.0304;3.14483;
0002JEU;2;37.4755;3.35976;
1422MXW;1;37.4595;3.46203;
4002SKK;2;37.0465;3.75983;
1424FYQ;3;37.4048;3.26844;
1383LOK;3;37.1485;3.9832;
4034UIO;0;37.971;3.25098;
8213SGX;2;37.519;3.8626;
4904STO;1;37.0588;3.20508;
6489VIX;1;37.9279;3.37554;
8822ZSU;2;37.5144;3.43593;
1813YBQ;3;37.0884;3.87016;
5655UIJ;1;37.7438;3.25004;
5857WBF;1;37.0953;3.7772;
1702MLJ;3;37.3027;3.55221;
6983QQW;1;37.7679;3.82259;
8105JTA;0;37.4038;3.57803;
8399RBA;2;37.7595;3.80206;
8457UHH;0;37.5342;3.50792;
4234FCX;2;37.9721;3.53816;
4165INA;0;37.382;3.67089;
4411BLI;1;37.4228;3.09092;
2987OBZ;3;37.0872;3.1821;
9555SVF;1;37.8598;3.13673;
6117QJL;0;37.319;3.13573;
2880WQP;1;37.2154;3.06193;
3268URV;1;37.6568;3.75545;
8871VJO;0;37.7623;3.01195;
7137PHR;3;37.3965;3.62044;
4432WRB;0;37.9283;3.70313;
0418VHX;0;37.7496;3.24436;
8803PCM;0;37.3911;3.39175;
3316DLR;1;37.5652;3.68988;
4218QUR;1;37.5033;3.4387;
0513ION;1;37.6098;3.641;
4837CUS;3;37.6498;3.03675;
2803GUB;1;37.8228;3.0308;
9650VXX;2;37.11;3.69288;
8621VAT;0;37.2917;3.15433;
8758KXO;1;37.704;3.99813;
5332MGI;1;37.9054;3.67985;
1295VQD;3;37.6281;3.10257;
8073QRC;0;37.0198;3.2076;
0453MRU;0;37.2235;3.88906;
