2;NIF;clave;nomape;dirección;latitud;longitud;nIti;bajar_linea;id;inicioLat;inicioLon;finLat;finLon;dia;mes;anio;hora;minuto;minutos;moto
10801728L;QhmLb4o5;Harman Bale;241 Alpine Center;43.0022;1.6455;6
1;43.0022;1.6455;36.4245;40.8262;23;9;2024;0;0;448716113;8821DTE
2;43.0022;1.6455;36.4245;40.8262;22;3;2022;0;0;448716113;5663QMP
3;43.0022;1.6455;36.4245;40.8262;22;3;2022;0;0;448716113;3531KBG
4;43.0022;1.6455;36.4245;40.8262;22;3;2022;0;0;448716113;3676PMY
5;43.0022;1.6455;36.4245;40.8262;22;3;2022;0;0;448716113;7110OYT
6;43.0022;1.6455;36.4245;40.8262;22;3;2022;0;0;448716113;4292NTD
10982609X;pU7Pqqk;Marlie Klassmann;1133 Blaine Place;37.1042;-8.00031;6
7;37.1042;-8.00031;36.4245;40.8262;23;9;2024;0;0;448716113;0549DGW
8;37.1042;-8.00031;36.4245;40.8262;22;3;2022;0;0;448716113;4353ZUV
9;37.1042;-8.00031;36.4245;40.8262;22;3;2022;0;0;448716113;8821DTE
10;37.1042;-8.00031;36.4245;40.8262;22;3;2022;0;0;448716113;5663QMP
11;37.1042;-8.00031;36.4245;40.8262;22;3;2022;0;0;448716113;3531KBG
12;37.1042;-8.00031;36.4245;40.8262;22;3;2022;0;0;448716113;3676PMY
34536319T;4pUF1OcsIG;Lauren Cootes;854 Dunning Trail;36.4245;-3.25209;6
13;36.4245;-3.25209;36.4245;40.8262;23;9;2024;0;0;448716113;8821DTE
14;36.4245;-3.25209;36.4245;40.8262;22;3;2022;0;0;448716113;5663QMP
15;36.4245;-3.25209;36.4245;40.8262;22;3;2022;0;0;448716113;3531KBG
16;36.4245;-3.25209;36.4245;40.8262;22;3;2022;0;0;448716113;3676PMY
17;36.4245;-3.25209;36.4245;40.8262;22;3;2022;0;0;448716113;7110OYT
18;36.4245;-3.25209;36.4245;40.8262;22;3;2022;0;0;448716113;4292NTD
92139205N;ipbb9sHKa;Caria MacIlwrick;0 Mosinee Place;42.1729;0.833745;6
19;42.1729;0.833745;36.4245;40.8262;23;9;2024;0;0;448716113;8821DTE
20;42.1729;0.833745;36.4245;40.8262;22;3;2022;0;0;448716113;5663QMP
21;42.1729;0.833745;36.4245;40.8262;22;3;2022;0;0;448716113;3531KBG
22;42.1729;0.833745;36.4245;40.8262;22;3;2022;0;0;448716113;3676PMY
23;42.1729;0.833745;36.4245;40.8262;22;3;2022;0;0;448716113;7110OYT
24;42.1729;0.833745;36.4245;40.8262;22;3;2022;0;0;448716113;4292NTD
